x       y      size
358.000 26.645 10.9 
345.670 29.090 12.4 
333.182 30.040 13.2 
342.173 29.970 12.2 
275.984 39.938 12.5 
267.884 41.146 12.9 
286.901 42.860 13.1 
417.863 43.010 12.6 
420.813 45.923 12.4 
291.791 49.244 13.1 
291.802 52.008 12.9 
349.234 55.891 14.6 
290.694 56.580 13.4 
339.897 56.956 12.5 
294.100 57.101 14.4 
353.145 58.053 10.9 
292.937 58.443 12.7 
286.000 60.103 12.4 
357.019 61.033 11.3 
286.961 63.111 12.6 
359.480 63.266 9.9 
232.587 64.133 12.8 
294.932 64.064 10.5 
360.049 65.655 12.8 
298.000 68.000 12.0 
281.002 70.846 11.3 
299.000 71.067 12.2 
209.565 74.130 13.5 
315.292 73.893 12.6 
359.830 74.170 13.0 
278.453 74.872 11.2 
359.807 74.807 13.2 
279.414 76.715 11.2 
231.446 79.729 16.7 
311.309 79.126 13.1 
280.970 79.917 12.2 
309.050 79.000 13.2 
236.179 82.821 11.5 
308.686 82.121 13.9 
247.845 83.044 13.5 
363.125 83.496 12.2 
440.979 83.290 12.1 
283.166 84.298 11.5 
236.822 84.553 12.8 
285.727 86.727 10.6 
366.000 87.172 11.7 
441.650 86.266 12.2 
314.992 87.960 12.0 
338.094 89.129 13.4 
368.465 89.962 11.5 
320.286 89.714 12.0 
331.224 89.577 14.5 
334.008 90.200 12.9 
342.895 91.908 12.3 
384.817 91.183 13.5 
247.233 91.474 11.5 
373.833 91.813 13.0 
230.000 93.000 9.0 
242.023 92.977 12.1 
445.989 93.199 12.6 
230.500 94.545 9.0 
340.196 93.974 9.4 
243.000 95.244 11.4 
290.145 95.092 11.6 
230.000 96.768 12.0 
339.152 96.832 11.0 
446.010 97.174 12.5 
186.923 98.162 12.8 
238.926 98.259 13.0 
242.797 97.797 10.8 
237.808 100.256 13.5 
401.027 100.148 12.4 
229.066 101.444 13.7 
203.424 102.782 13.1 
204.033 102.737 12.8 
433.989 102.326 10.0 
238.835 102.586 13.8 
189.972 103.500 13.5 
289.929 103.464 12.4 
234.000 104.000 12.4 
449.329 107.114 12.7 
449.558 107.038 12.2 
240.000 108.136 11.1 
291.193 108.270 12.3 
439.682 107.695 13.0 
454.975 107.967 12.8 
372.735 111.440 12.3 
240.000 112.096 12.0 
291.887 118.753 12.9 
190.469 121.465 13.4 
241.907 122.838 12.5 
290.880 123.985 12.7 
223.804 125.979 13.0 
230.885 125.939 13.1 
163.854 126.501 14.7 
186.526 127.941 13.4 
289.991 126.922 12.1 
162.606 129.453 15.5 
214.156 129.340 12.1 
184.222 129.778 14.1 
232.000 131.696 12.9 
163.002 131.225 14.0 
215.750 131.719 11.0 
289.471 132.628 11.7 
170.948 133.403 12.1 
247.129 134.114 12.8 
320.000 134.043 11.1 
169.599 134.000 13.4 
292.119 134.973 12.2 
218.280 136.300 13.8 
318.517 137.335 11.8 
225.000 138.000 11.8 
247.442 138.143 13.0 
312.141 138.024 13.3 
251.547 139.026 13.8 
252.449 138.732 11.4 
318.355 139.355 13.9 
309.313 139.822 14.9 
318.930 140.733 12.4 
312.053 142.043 8.4 
242.262 142.459 13.6 
215.210 144.034 11.2 
216.759 144.002 11.1 
313.052 144.210 10.7 
491.918 144.988 12.5 
316.773 147.015 10.7 
301.096 147.628 12.6 
211.956 148.662 14.1 
315.764 150.028 12.3 
443.897 150.083 9.0 
305.589 151.777 13.7 
317.962 151.618 11.0 
186.938 153.083 12.5 
212.812 153.144 13.1 
442.055 152.635 14.2 
447.333 153.403 11.9 
438.000 155.000 9.0 
212.733 156.241 13.2 
299.255 156.490 12.0 
448.407 155.465 8.4 
436.000 157.000 12.0 
161.000 157.857 14.6 
165.194 158.999 14.5 
187.356 157.563 14.0 
160.440 159.929 15.0 
166.000 159.396 13.4 
190.762 160.053 12.4 
296.673 159.734 14.5 
327.414 159.775 13.1 
333.582 161.291 12.2 
194.553 161.882 12.7 
305.873 161.582 14.5 
324.673 162.101 11.4 
337.000 162.000 12.0 
367.851 162.000 11.6 
166.000 163.721 13.0 
199.531 162.954 12.4 
199.682 162.909 12.7 
304.439 162.556 15.0 
315.040 162.904 12.8 
317.007 162.978 12.2 
323.297 162.760 13.0 
345.242 163.000 11.8 
348.625 162.812 13.5 
348.443 162.828 13.4 
387.000 163.000 9.0 
413.253 162.913 12.7 
203.311 163.828 12.7 
298.000 163.000 12.6 
398.907 164.000 11.6 
408.943 163.924 12.5 
162.036 164.699 13.2 
246.216 167.100 12.6 
285.400 167.952 12.3 
463.671 168.165 12.9 
255.000 169.221 11.4 
257.219 169.125 11.0 
467.448 169.834 12.7 
242.180 170.692 13.5 
250.372 171.193 8.5 
235.452 177.971 12.2 
176.141 178.948 12.9 
197.489 181.456 11.6 
161.135 182.512 12.2 
162.826 182.442 12.0 
185.278 182.725 12.8 
194.013 183.162 12.0 
198.000 183.699 11.1 
202.753 182.646 12.4 
239.911 182.508 11.8 
235.600 184.600 8.4 
159.823 186.019 11.8 
161.853 185.768 9.0 
212.293 187.000 11.1 
228.196 186.959 12.9 
166.000 189.000 9.0 
220.248 189.714 10.6 
209.434 189.674 14.6 
217.940 189.662 13.6 
164.240 192.088 11.5 
184.592 191.787 13.2 
176.061 193.951 12.2 
189.435 193.935 13.5 
189.436 193.823 13.4 
194.077 195.000 10.9 
275.267 39.876 16.2 
291.000 57.000 12.0 
338.166 57.145 18.0 
285.166 62.898 20.7 
360.000 66.000 12.0 
358.892 72.951 18.6 
209.297 74.125 16.0 
313.600 74.120 19.5 
358.786 74.906 17.8 
308.597 77.761 22.1 
309.250 76.750 19.2 
246.992 83.285 18.4 
440.348 86.810 15.9 
332.374 90.306 16.6 
371.594 89.853 20.1 
289.162 94.944 21.0 
199.500 99.500 24.0 
373.750 98.125 21.0 
399.778 99.707 16.8 
443.993 98.091 20.6 
288.678 103.236 18.5 
231.938 104.574 18.4 
439.032 107.283 20.4 
466.860 114.300 18.7 
240.795 121.666 20.7 
203.191 123.454 19.8 
216.002 128.243 20.4 
212.507 129.480 18.8 
289.493 132.226 12.3 
217.358 136.446 15.0 
245.638 136.850 20.2 
312.047 137.268 12.5 
215.081 140.312 17.7 
307.415 139.896 20.5 
316.656 144.833 18.7 
187.375 152.768 13.5 
305.096 151.954 17.1 
439.917 153.114 18.5 
442.714 153.374 16.1 
298.642 156.043 20.6 
163.403 158.772 20.7 
195.000 162.000 12.0 
298.000 162.000 12.0 
304.895 162.126 17.7 
311.999 162.296 18.2 
344.261 162.864 15.5 
354.805 161.621 20.5 
407.443 163.810 17.4 
458.144 163.751 19.2 
252.099 168.748 21.1 
241.966 170.241 12.0 
166.500 178.500 24.0 
234.203 181.892 18.1 
238.698 182.128 16.7 
206.285 183.480 16.0 
159.000 186.000 12.0 
229.801 185.815 15.6 
209.979 186.945 19.8 
218.211 188.664 21.5 
183.842 191.599 18.1 
175.713 192.608 19.9 
291.014 49.452 26.3 
341.127 57.443 29.8 
349.338 56.968 29.0 
285.683 63.520 20.9 
359.250 65.250 18.0 
360.421 72.950 24.5 
210.016 74.244 25.1 
280.283 74.984 29.2 
308.866 77.630 23.4 
204.537 80.021 25.8 
230.481 81.979 35.8 
234.921 82.851 21.4 
442.163 86.761 24.6 
315.641 87.491 29.9 
338.500 88.500 26.5 
372.308 90.095 26.6 
383.604 91.440 28.4 
290.412 95.260 24.0 
444.567 96.143 25.4 
239.731 98.834 22.5 
373.665 98.395 21.0 
189.554 101.704 27.9 
198.918 100.133 27.4 
205.470 99.157 27.9 
229.737 100.433 18.0 
401.190 100.058 25.6 
290.250 103.607 23.1 
434.900 103.141 25.9 
290.438 103.479 24.5 
440.269 105.970 29.0 
237.088 110.969 28.5 
468.142 114.230 26.0 
291.750 117.750 18.0 
240.865 121.625 24.4 
191.176 121.791 28.0 
225.515 127.512 30.0 
228.843 128.898 32.2 
164.884 130.264 27.8 
184.621 129.913 27.8 
214.404 129.254 25.2 
167.821 131.565 28.7 
290.478 130.713 23.2 
225.698 136.144 26.0 
219.861 139.260 27.1 
245.608 137.607 21.8 
316.813 139.290 25.4 
307.867 140.826 21.0 
242.500 145.375 27.0 
212.770 148.192 21.3 
300.750 147.750 18.0 
314.610 150.043 23.1 
306.248 152.212 23.0 
444.072 154.444 28.8 
211.948 155.923 24.9 
450.887 157.236 25.7 
188.444 157.954 25.4 
430.057 158.106 27.2 
162.705 161.088 31.3 
328.398 160.435 25.5 
194.753 161.657 21.3 
204.301 162.646 23.3 
306.131 162.439 24.4 
322.410 162.200 23.8 
333.750 161.250 18.0 
355.735 161.726 28.4 
459.372 163.812 26.6 
463.489 167.748 27.0 
244.448 169.402 27.5 
166.439 179.067 28.7 
177.622 179.622 26.4 
200.656 182.385 25.2 
230.056 185.554 19.6 
160.837 188.749 27.8 
183.671 192.676 26.4 
190.966 194.263 25.4 
200.147 193.907 26.5 
279.917 63.546 36.2 
357.601 65.526 35.4 
308.116 75.974 32.0 
231.150 83.149 34.6 
312.742 82.301 33.4 
372.500 90.500 24.0 
337.707 91.011 31.7 
384.168 91.588 34.1 
443.396 95.478 29.4 
240.500 120.500 24.0 
166.306 130.265 34.6 
228.279 129.704 34.0 
212.356 136.903 42.0 
314.652 139.718 33.8 
443.757 154.652 36.6 
162.641 161.041 33.3 
298.236 157.708 30.3 
322.000 162.500 24.0 
244.354 169.274 29.2 
212.509 186.990 37.6 
174.728 192.727 34.8 
282.100 74.820 43.3 
231.648 86.957 40.7 
371.280 88.311 51.2 
288.829 94.191 45.3 
383.237 92.503 39.8 
191.148 98.453 44.7 
232.056 98.388 43.1 
399.476 98.049 46.6 
426.569 101.234 52.5 
238.635 114.437 46.0 
291.080 118.506 56.1 
191.277 123.550 56.3 
167.541 131.495 36.0 
227.313 130.798 43.3 
293.196 133.175 47.1 
302.758 138.154 58.2 
313.844 150.189 44.6 
191.224 157.523 49.0 
299.000 161.000 36.0 
319.181 159.449 36.0 
163.554 161.977 36.0 
203.698 163.924 53.4 
247.868 168.257 42.7 
208.494 133.241 72.0 
313.633 139.755 72.0 
